20 9 1 8 9 9 2 4 8 1 2 8 9 9 8 5 2 1 4 1 3
20 2 2 6 9 8 7 6 4 1 4 4 4 8 10 6 2 7 7 10 1
20 2 6 3 5 4 5 6 5 5 7 2 5 5 1 7 3 3 7 3 1
20 2 4 10 3 6 4 8 7 5 5 1 7 6 9 10 8 8 9 3 2
20 9 7 10 2 9 9 8 5 10 6 10 9 8 10 4 1 2 5 7 10
20 1 2 1 2 1 1 2 2 1 2 2 1 1 1 1 1 1 1 1 2
20 2 1 1 1 2 1 2 1 2 1 1 2 1 1 1 1 2 2 1 1
10 1 1 1 1 2 1 2 2 2 2
16 3 2 4 4 3 3 2 3 3 2 3 1 2 1 3 4
16 2 6 5 1 6 4 5 5 3 4 5 4 2 3 3 4
16 6 3 1 1 4 1 5 3 4 6 1 10 4 5 8 1
10 5 8 4 9 6 5 9 9 8 2
1 1
20 1 1 1 1 1 1 1 1 1 1 1 1 1 1 1 1 1 1 1 1
20 1 8 8 7 7 8 1 3 1 7 5 4 8 1 2 7 8 6 5 7
20 3 3 3 3 2 3 1 3 1 1 1 3 1 1 1 2 1 2 3 1
4 3 2 2 1
4 1 1 1 1
4 8 2 3 6
5 8 8 2 7 1
